# asked to strip asterix and sum period separated (e.g. '9.163' → 9+163=172)
sample_size_volunteers <- c(
  92, 251, 30, 402, 56, 60, 60, 54, 29, 225, 164, 225, 172, 334, 39, 306, 54, 
  125, 164, 167, 240, 30, 16, 40, 90, 88, 100, 224, 97, 30, 24, NA, 32, 160, 172,
  31, 20, 84, 9, 105, 37, 31, 110, 620, 95, 77, 41, 222, 163, 121, 111, 53, 19, 
  19, 40, 154, 114, 20, 60, 90, 69, 20, 539, 60, 40, 49, 84, 77, 64, 8, 15, 135,
  210, 74, 101, 146, 32, 82, 38, 113, 205, 98, 197, 51, 20, 370, 69, 51, 56, 48,
  47, 10, 132, 19, 56, 76, 58, NA, 55, 100, 19, 67, 99, 40, 142, 30, 95, 79, 203,
  42, 27, 69, 50, 50, 13, 5, 824, 16, 80
)

# Age Mean and SD for overall study ---- 
age_mean <- c(
  30,     # 1   "average 30 (range 19-40)"
  NA,     # 2   "18 and 70"
  NA,     # 3   "26.2±4.1 (20–29)24.5±5.1 (20–28)"
  NA,     # 4   "≥18 years"
  NA,     # 5   "26 ± 3     25 ± 4"
  43.8,   # 6   "43.8 years"
  NA,     # 7   NA
  NA,     # 8   NA
  NA,     # 9   NA
  NA,     # 10  NA
  NA,     # 11  NA
  NA,     # 12  "over 18 years"
  NA,     # 13  NA
  NA,     # 14  "14–80 years"
  NA,     # 15  NA
  38.33,  # 16  "38.33 ± 13.19"
  NA,     # 17  "45.6 ± 10 [HIV -, ...], 42.8 ± 11 [...], ..."
  NA,     # 18  "15.2 ± 2.8 [...], 25.2 ± 3.2 [...], ..."
  NA,     # 19  "Not determined for all subjects combined"
  NA,     # 20  "≥30"
  NA,     # 21  "20-60 (range)"
  NA,     # 22  "≥18"
  NA,     # 23  "≥35"
  NA,     # 24  "ND"
  NA,     # 25  "ND"
  NA,     # 26  "range: 35 - 55"
  36.2,   # 27  "36.2±21.3 (range: 18–70)..."
  NA,     # 28  "≥18"
  NA,     # 29  "≥18"
  NA,     # 30  "≤35"
  NA,     # 31  "range: 18-71"
  NA,     # 32  NA
  NA,     # 33  "ND"
  NA,     # 34  "16.7 ;  16.4"
  NA,     # 35  "13–20 yr"
  NA,     # 36  "not determined for all subjects combined"
  NA,     # 37  "not determined for all subjects combined"
  NA,     # 38  "26,9 ± 6,0  35,3 ± 9,1"
  29.44,  # 39  "29.44±9.33* (mean±SD); ..."
  64.8,   # 40  "64.8 ± 7.0"
  NA,     # 41  "range: 20-70"
  47.2,   # 42  "mean (±SD): 47.2 ± 8.3*, range: 33-63*"
  NA,     # 43  NA
  37.4,   # 44  "37,4 ± 12,9"
  NA,     # 45  NA
  NA,     # 46  "ND"
  NA,     # 47  "not determined for all"
  NA,     # 48  "Not determined for all subjects combined"
  NA,     # 49  "34.2 ± 6.2   54.4 ± 12.1   66.7 ± 1.5"
  NA,     # 50  "51.0 ± 10.2 CP 66.7 ± 1.5 H"
  NA,     # 51  NA
  NA,     # 52  "20–69 years"
  54.53,  # 53  "mean*:54.53(±11.93), range*: 32-70; ..."
  54.53,  # 54  "mean±SD*: 54.53±11.93; range: 32-70* ..."
  NA,     # 55  "38 ± 13 H 55 ± 12 P"
  NA,     # 56  "not determined for all subjects combined"
  48.1,   # 57  "48.1 years (SD 5.7 years)"
  47.4,   # 58  "mean (±SD): 47.4 ± 12.4*, range: 17-73*"
  42,     # 59  "42 ± 8.543 (range 34-68)"
  NA,     # 60  "ND"
  45.6,   # 61  "45.6 (range: 35-65)"
  NA,     # 62  "ND"
  NA,     # 63  "≥20"
  NA,     # 64  "21.1 ± 1.8 [healthy], 51.3 ± 12.0 [periodontitis]"
  NA,     # 65  "41–80 , 22–29 year"
  NA,     # 66  NA
  NA,     # 67  "20–45 years"
  NA,     # 68  NA
  NA,     # 69  NA
  NA,     # 70  "<24 years old"
  NA,     # 71  NA
  NA,     # 72  "not determined for all"
  NA,     # 73  "not determined for all"
  NA,     # 74  "25-63 (range)"
  40.77,  # 75  "40.77±14.15"
  NA,     # 76  "not determined for all subjects combined"
  NA,     # 77  "range: 17-81"
  NA,     # 78  "range: 30–65"
  NA,     # 79  "ND"
  NA,     # 80  "31 to 40"
  NA,     # 81  NA
  NA,     # 82  "not determined for all subjects combined"
  NA,     # 83  "18 to 46 years"
  43.3,   # 84  "mean (±SD): 43.3 ± 20.3*, range: 16-83* ..."
  NA,     # 85  "ND"
  NA,     # 86  ">25"
  30.4,   # 87  "30.4 years"
  68,     # 88  "68 ± 4.5"
  NA,     # 89  "not determined for all"
  NA,     # 90  "55.33 (5.23)  47.92 (6.53)"
  NA,     # 91  NA
  NA,     # 92  "39-63"
  NA,     # 93  "not determined for all subjects combined"
  NA,     # 94  "ND"
  NA,     # 95  "not determined for all"
  40.8,   # 96  "40.8 ± 12.5"
  NA,     # 97  "not determined for all"
  NA,     # 98  NA
  NA,     # 99  "32,32 ± 9,34  44,88 ± 11,94"
  NA,     # 100 "18 yrs and older"
  NA,     # 101 "ND"
  NA,     # 102 "34 ± 12 H 51 ± 11 PR"
  NA,     # 103 NA
  NA,     # 104 NA
  NA,     # 105 "20 and 40 yrs"
  NA,     # 106 "42  to  80  years"
  NA,     # 107 NA
  NA,     # 108 "21 to 80 yrs (mean, 44)"
  NA,     # 109 "20  - 87 years"
  NA,     # 110 NA
  NA,     # 111 NA
  NA,     # 112 "≥19"
  NA,     # 113 "ND"
  NA,     # 114 "ND"
  NA,     # 115 ">18"
  NA,     # 116 "range: 28-45"
  NA,     # 117 "24-82"
  NA,     # 118 "ND"
  NA      # 119 "range: 30-60"
)

age_sd <- c(
  NA,     # 1
  NA,     # 2
  NA,     # 3
  NA,     # 4
  NA,     # 5
  NA,     # 6
  NA,     # 7
  NA,     # 8
  NA,     # 9
  NA,     # 10
  NA,     # 11
  NA,     # 12
  NA,     # 13
  NA,     # 14
  NA,     # 15
  13.19,  # 16
  NA,     # 17
  NA,     # 18
  NA,     # 19
  NA,     # 20
  NA,     # 21
  NA,     # 22
  NA,     # 23
  NA,     # 24
  NA,     # 25
  NA,     # 26
  21.3,   # 27
  NA,     # 28
  NA,     # 29
  NA,     # 30
  NA,     # 31
  NA,     # 32
  NA,     # 33
  NA,     # 34
  NA,     # 35
  NA,     # 36
  NA,     # 37
  NA,     # 38
  9.33,   # 39
  7.0,    # 40
  NA,     # 41
  8.3,    # 42
  NA,     # 43
  12.9,   # 44
  NA,     # 45
  NA,     # 46
  NA,     # 47
  NA,     # 48
  NA,     # 49
  NA,     # 50
  NA,     # 51
  NA,     # 52
  11.93,  # 53
  11.93,  # 54
  NA,     # 55
  NA,     # 56
  5.7,    # 57
  12.4,   # 58
  8.543,  # 59
  NA,     # 60
  NA,     # 61
  NA,     # 62
  NA,     # 63
  NA,     # 64
  NA,     # 65
  NA,     # 66
  NA,     # 67
  NA,     # 68
  NA,     # 69
  NA,     # 70
  NA,     # 71
  NA,     # 72
  NA,     # 73
  NA,     # 74
  14.15,  # 75
  NA,     # 76
  NA,     # 77
  NA,     # 78
  NA,     # 79
  NA,     # 80
  NA,     # 81
  NA,     # 82
  NA,     # 83
  20.3,   # 84
  NA,     # 85
  NA,     # 86
  NA,     # 87
  4.5,    # 88
  NA,     # 89
  NA,     # 90
  NA,     # 91
  NA,     # 92
  NA,     # 93
  NA,     # 94
  NA,     # 95
  12.5,   # 96
  NA,     # 97
  NA,     # 98
  NA,     # 99
  NA,     # 100
  NA,     # 101
  NA,     # 102
  NA,     # 103
  NA,     # 104
  NA,     # 105
  NA,     # 106
  NA,     # 107
  NA,     # 108
  NA,     # 109
  NA,     # 110
  NA,     # 111
  NA,     # 112
  NA,     # 113
  NA,     # 114
  NA,     # 115
  NA,     # 116
  NA,     # 117
  NA,     # 118
  NA      # 119
)
# Age Mean and SD for periodontal health ----

